1 0.260 0.056 0
2 0.248 0.078 0
3 0.242 0.043 0
4 0.242 0.088 0
5 0.238 0.096 0
6 0.259 0.072 0
7 0.244 0.095 0
8 0.253 0.057 0
9 0.256 0.056 0
10 0.242 0.074 0
11 0.223 0.062 0
12 0.232 0.070 0
13 0.223 0.065 0
14 0.226 0.090 0
15 0.257 0.066 0
16 0.235 0.081 0
17 0.220 0.074 0
18 0.238 0.087 0
19 0.205 0.091 0
20 0.229 0.085 0
21 0.233 0.078 0
22 0.216 0.095 0
23 0.212 0.106 0
24 0.207 0.092 0
25 0.219 0.122 0
26 0.194 0.103 0
27 0.204 0.114 0
28 0.204 0.136 0
29 0.213 0.135 0
30 0.212 0.144 0
31 0.188 0.114 0
32 0.212 0.105 0
33 0.210 0.072 0
34 0.192 0.060 0
35 0.192 0.073 0
36 0.184 0.052 0
37 0.194 0.054 0
38 0.200 0.038 0
39 0.195 0.036 0
40 0.173 0.035 0
41 0.172 0.079 0
42 0.216 0.073 0
43 0.184 0.088 0
44 0.181 0.081 0
45 0.167 0.074 0
46 0.180 0.056 0
47 0.212 0.053 0
48 0.191 0.069 0
49 0.211 0.033 0
50 0.240 0.056 0
51 0.241 0.072 0
52 0.237 0.061 0
53 0.233 0.065 0
54 0.236 0.136 0
55 0.233 0.290 0
56 0.237 0.404 0
57 0.237 0.424 0
58 0.204 0.501 0
59 0.214 0.634 0
60 0.233 0.649 0
61 0.208 0.733 0
62 0.224 0.803 0
63 0.224 0.845 0
64 0.246 0.855 0
65 0.244 0.882 0
66 0.240 0.955 0
67 0.214 0.963 0
68 0.224 0.972 0
69 0.227 0.880 0
70 0.224 1.018 0
71 0.224 1.047 0
72 0.244 1.076 0
73 0.247 0.991 1
74 0.256 1.113 1
75 0.266 1.048 1
76 0.281 1.039 1
77 0.269 1.010 1
78 0.263 1.038 1
79 0.263 1.010 1
80 0.295 1.131 1
81 0.266 0.981 1
82 0.221 0.836 1
83 0.221 0.732 1
84 0.208 0.620 1
85 0.190 0.499 0
86 0.184 0.339 0
87 0.203 0.203 0
88 0.194 0.099 0
89 0.219 0.169 0
90 0.214 0.174 0
91 0.213 0.119 0
92 0.189 0.061 0
93 0.219 0.094 0
94 0.231 0.100 0
95 0.229 0.090 0
96 0.232 0.071 0
97 0.266 0.072 0
98 0.260 0.055 0
99 0.257 0.056 0
100 0.263 0.048 0
101 0.250 0.057 0
102 0.244 0.096 0
103 0.266 0.143 0
104 0.253 0.126 0
105 0.260 0.119 0
106 0.263 0.088 0
107 0.253 0.062 0
108 0.251 0.041 0
109 0.247 0.059 0
110 0.241 0.053 0
111 0.250 0.076 0
112 0.232 0.068 0
113 0.241 0.040 0
114 0.241 0.049 0
115 0.219 0.054 0
116 0.229 0.051 0
117 0.238 0.056 0
118 0.247 0.063 0
119 0.241 0.050 0
120 0.250 0.043 0
121 0.250 0.029 0
122 0.276 0.075 0
123 0.250 0.050 0
124 0.222 0.066 0
125 0.228 0.092 0
126 0.219 0.086 0
127 0.217 0.051 0
128 0.213 0.078 0
129 0.222 0.108 0
130 0.204 0.094 0
131 0.207 0.080 0
132 0.222 0.159 0
133 0.190 0.115 0
134 0.183 0.089 0
135 0.197 0.036 0
136 0.200 0.030 0
137 0.222 0.027 0
138 0.222 0.033 0
139 0.207 0.038 0
140 0.212 0.062 0
141 0.202 0.030 0
142 0.223 0.051 0
143 0.232 0.055 0
144 0.212 0.057 0
145 0.204 0.075 0
146 0.192 0.055 0
147 0.231 0.042 0
148 0.247 0.061 0
149 0.225 0.055 0
150 0.211 0.049 0
151 0.227 0.032 0
152 0.220 0.061 0
153 0.250 0.071 0
154 0.231 0.067 0
155 0.244 0.068 0
156 0.200 0.044 0
157 0.196 0.019 0
158 0.216 0.027 0
159 0.218 0.008 0
160 0.193 0.028 0
161 0.222 0.016 0
162 0.183 0.035 0
163 0.224 0.069 0
164 0.210 0.042 0
165 0.231 0.073 0
166 0.211 0.034 0
167 0.215 0.075 0
168 0.218 0.088 0
169 0.217 0.096 0
170 0.224 0.066 0
171 0.222 0.101 0
172 0.257 0.077 0
173 0.224 0.091 0
174 0.294 0.009 0
175 0.254 0.009 0
176 0.219 0.180 0
177 0.201 0.126 0
178 0.224 0.120 0
179 0.233 0.082 0
180 0.224 0.070 0
181 0.217 0.044 0
182 0.223 0.000 0
183 0.196 0.035 0
184 0.220 0.019 0
185 0.228 0.026 0
186 0.210 0.024 0
187 0.241 0.041 0
188 0.204 0.029 0
189 0.225 0.043 0
190 0.226 0.071 0
191 0.195 0.042 0
192 0.201 0.041 0
193 0.213 0.049 0
194 0.211 0.048 0
195 0.219 0.032 0
196 0.202 0.083 0
197 0.215 0.074 0
198 0.241 0.082 0
199 0.263 0.065 0
200 0.266 0.048 0
201 0.294 0.046 0
202 0.287 0.073 0
203 0.290 0.069 0
204 0.272 0.065 0
205 0.287 0.088 0
206 0.274 0.089 0
207 0.254 0.082 0
208 0.279 0.077 0
209 0.254 0.094 0
210 0.260 0.038 0
211 0.263 0.062 0
212 0.254 0.062 0
213 0.238 0.050 0
214 0.245 0.085 0
215 0.234 0.105 0
216 0.228 0.073 0
217 0.247 0.072 0
218 0.250 0.063 0
219 0.266 0.079 0
220 0.250 0.055 0
221 0.245 0.064 0
222 0.248 0.090 0
223 0.239 0.060 0
224 0.241 0.055 0
225 0.228 0.068 0
226 0.256 0.085 0
227 0.215 0.258 0
228 0.234 0.409 0
229 0.192 0.417 0
230 0.162 0.500 0
231 0.167 0.560 0
232 0.225 0.746 0
233 0.202 0.807 0
234 0.212 0.842 0
235 0.231 0.884 0
236 0.231 0.900 0
237 0.227 0.926 0
238 0.241 0.912 0
239 0.229 0.847 0
240 0.183 0.923 0
241 0.191 0.991 0
242 0.195 0.911 0
243 0.165 0.897 0
244 0.168 0.909 0
245 0.175 0.843 1
246 0.198 0.816 1
247 0.167 0.886 1
248 0.162 0.828 1
249 0.158 0.852 1
250 0.165 0.880 1
251 0.152 0.947 1
252 0.152 0.954 1
253 0.150 1.063 1
254 0.170 1.000 1
255 0.152 0.944 1
256 0.156 0.960 1
257 0.169 0.871 1
258 0.175 0.869 1
259 0.190 0.828 1
260 0.154 0.910 1
261 0.153 0.967 0
262 0.167 0.925 0
263 0.200 1.064 0
264 0.240 1.056 0
265 0.257 0.898 0
266 0.283 0.800 0
267 0.257 0.612 0
268 0.251 0.386 0
269 0.254 0.299 0
270 0.263 0.205 0
271 0.266 0.119 0
272 0.294 0.236 0
273 0.293 0.233 0
274 0.319 0.205 0
275 0.229 0.097 0
276 0.229 0.066 0
277 0.222 0.060 0
278 0.214 0.066 0
279 0.219 0.054 0
280 0.235 0.069 0
281 0.226 0.065 0
282 0.229 0.061 0
283 0.205 0.069 0
284 0.205 0.075 0
285 0.219 0.054 0
286 0.212 0.094 0
287 0.209 0.056 0
288 0.209 0.062 0
289 0.219 0.086 0
290 0.184 0.071 0
291 0.213 0.086 0
292 0.200 0.079 0
293 0.197 0.062 0
294 0.198 0.070 0
295 0.178 0.073 0
296 0.187 0.058 0
297 0.190 0.073 0
298 0.190 0.066 0
299 0.177 0.049 0
300 0.194 0.073 0
301 0.202 0.073 0
302 0.183 0.089 0
303 0.177 0.059 0
304 0.196 0.083 0
305 0.191 0.056 0
306 0.194 0.058 0
307 0.188 0.099 0
308 0.179 0.085 0
309 0.199 0.067 0
310 0.212 0.089 0
311 0.238 0.082 0
312 0.250 0.087 0
313 0.247 0.090 0
314 0.266 0.074 0
315 0.276 0.073 0
316 0.284 0.075 0
317 0.288 0.073 0
318 0.292 0.069 0
319 0.287 0.072 0
320 0.290 0.072 0
321 0.292 0.079 0
322 0.259 0.070 0
323 0.244 0.062 0
324 0.253 0.062 0
325 0.244 0.037 0
326 0.260 0.070 0
327 0.247 0.043 0
328 0.269 0.067 0
329 0.269 0.073 0
330 0.260 0.050 0
331 0.266 0.070 0
332 0.257 0.064 0
333 0.244 0.048 0
334 0.245 0.072 0
335 0.251 0.063 0
336 0.241 0.074 0
337 0.250 0.071 0
338 0.254 0.062 0
339 0.245 0.067 0
340 0.250 0.063 0
341 0.272 0.040 0
342 0.257 0.093 0
343 0.250 0.151 0
344 0.205 0.132 0
345 0.201 0.138 0
346 0.158 0.113 0
347 0.223 0.057 0
348 0.178 0.070 0
349 0.184 0.049 0
350 0.187 0.058 0
351 0.202 0.023 0
352 0.199 0.023 0
353 0.191 0.041 0
354 0.208 0.042 0
355 0.188 0.016 0
356 0.205 0.027 0
357 0.199 0.030 0
358 0.202 0.033 0
359 0.194 0.041 0
360 0.191 0.051 0
361 0.211 0.065 0
362 0.206 0.073 0
363 0.228 0.072 0
364 0.241 0.072 0
365 0.217 0.089 0
366 0.234 0.119 0
367 0.225 0.161 0
368 0.234 0.263 0
369 0.192 0.316 0
370 0.214 0.377 0
371 0.237 0.447 0
372 0.240 0.561 0
373 0.233 0.595 0
374 0.213 0.623 0
375 0.214 0.728 0
376 0.204 0.772 0
377 0.204 0.893 0
378 0.187 0.928 0
379 0.187 0.929 0
380 0.200 0.918 0
381 0.204 0.953 0
382 0.224 1.000 0
383 0.208 1.037 0
384 0.197 1.058 0
385 0.204 0.990 0
386 0.188 0.938 1
387 0.186 0.733 1
388 0.207 0.593 1
389 0.195 0.508 0
390 0.179 0.381 0
391 0.172 0.282 0
392 0.178 0.224 0
393 0.178 0.147 0
394 0.185 0.182 0
395 0.216 0.218 0
396 0.218 0.236 0
397 0.218 0.111 0
398 0.219 0.169 0
399 0.228 0.107 0
400 0.214 0.121 0
401 0.240 0.103 0
402 0.247 0.074 0
403 0.235 0.071 0
404 0.244 0.091 0
405 0.254 0.061 0
406 0.247 0.056 0
407 0.241 0.057 0
408 0.250 0.063 0
409 0.250 0.073 0
410 0.260 0.063 0
411 0.244 0.079 0
412 0.260 0.090 0
413 0.278 0.097 0
414 0.309 0.071 0
415 0.312 0.082 0
416 0.333 0.055 0
417 0.341 0.067 0
418 0.335 0.056 0
419 0.336 0.057 0
420 0.343 0.062 0
421 0.332 0.057 0
422 0.326 0.077 0
423 0.339 0.081 0
424 0.350 0.058 0
425 0.323 0.065 0
426 0.311 0.040 0
427 0.307 0.046 0
428 0.288 0.075 0
429 0.251 0.049 0
430 0.247 0.069 0
431 0.235 0.057 0
432 0.232 0.065 0
433 0.217 0.058 0
434 0.219 0.080 0
435 0.213 0.068 0
436 0.196 0.090 0
437 0.218 0.069 0
438 0.232 0.063 0
439 0.231 0.080 0
440 0.216 0.066 0
441 0.221 0.066 0
442 0.222 0.087 0
443 0.222 0.091 0
444 0.260 0.059 0
445 0.284 0.046 0
446 0.285 0.076 0
447 0.272 0.065 0
448 0.272 0.075 0
449 0.282 0.082 0
450 0.234 0.076 0
451 0.231 0.093 0
452 0.216 0.093 0
453 0.225 0.085 0
454 0.206 0.102 0
455 0.208 0.092 0
456 0.215 0.102 0
457 0.197 0.092 0
458 0.221 0.065 0
459 0.202 0.067 0
460 0.202 0.100 0
461 0.208 0.082 0
462 0.190 0.081 0
463 0.199 0.082 0
464 0.173 0.075 0
465 0.184 0.078 0
466 0.170 0.075 0
467 0.188 0.082 0
468 0.176 0.093 0
469 0.186 0.079 0
470 0.186 0.069 0
471 0.167 0.086 0
472 0.182 0.086 0
473 0.173 0.078 0
474 0.169 0.095 0
475 0.178 0.086 0
476 0.169 0.069 0
477 0.176 0.095 0
478 0.178 0.111 0
479 0.153 0.102 0
480 0.160 0.069 0
481 0.168 0.085 0
482 0.166 0.076 0
483 0.166 0.095 0
484 0.169 0.076 0
485 0.165 0.102 0
486 0.167 0.102 0
487 0.162 0.098 0
488 0.174 0.090 0
489 0.187 0.100 0
490 0.168 0.085 0
491 0.160 0.106 0
492 0.154 0.100 0
493 0.154 0.079 0
494 0.168 0.067 0
495 0.159 0.085 0
496 0.159 0.104 0
497 0.161 0.100 0
498 0.174 0.076 0
499 0.171 0.085 0
500 0.160 0.079 0
501 0.148 0.111 0
502 0.171 0.083 0
503 0.161 0.094 0
504 0.173 0.093 0
505 0.161 0.094 0
506 0.180 0.076 0
507 0.171 0.085 0
508 0.176 0.102 0
509 0.160 0.119 0
510 0.165 0.114 0
511 0.160 0.103 0
512 0.183 0.113 0
513 0.171 0.096 0
514 0.167 0.148 0
515 0.183 0.110 0
516 0.169 0.112 0
517 0.176 0.103 0
518 0.183 0.084 0
519 0.195 0.095 0
520 0.208 0.088 0
521 0.228 0.068 0
522 0.248 0.083 0
523 0.279 0.079 0
524 0.309 0.078 0
525 0.318 0.086 0
526 0.322 0.071 0
527 0.336 0.052 0
528 0.329 0.068 0
529 0.329 0.059 0
530 0.205 0.102 0
531 0.170 0.117 0
532 0.225 0.102 0
533 0.254 0.097 0
534 0.289 0.102 0
535 0.304 0.130 0
536 0.313 0.116 0
537 0.234 0.076 0
538 0.221 0.031 0
539 0.327 0.035 0
540 0.220 0.049 0
541 0.226 0.132 0
542 0.211 0.190 0
543 0.234 0.083 0
544 0.286 0.112 0
545 0.298 0.126 0
546 0.290 0.087 0
547 0.295 0.070 0
548 0.305 0.071 0
549 0.305 0.055 0
550 0.320 0.063 0
551 0.301 0.044 0
552 0.304 0.037 0
553 0.301 0.030 0
554 0.320 0.070 0
555 0.343 0.074 0
556 0.325 0.073 0
557 0.345 0.074 0
558 0.217 0.097 0
559 0.138 0.057 0
560 0.180 0.108 0
561 0.273 0.057 0
562 0.307 0.051 0
563 0.300 0.074 0
564 0.304 0.068 0
565 0.301 0.044 0
566 0.313 0.053 0
567 0.313 0.034 0
568 0.298 0.091 0
569 0.313 0.075 0
570 0.298 0.068 0
571 0.289 0.060 0
572 0.269 0.076 0
573 0.282 0.103 0
574 0.266 0.071 0
575 0.276 0.068 0
576 0.279 0.076 0
577 0.256 0.086 0
578 0.263 0.103 0
579 0.244 0.063 0
580 0.174 0.086 0
581 0.167 0.083 0
582 0.199 0.085 0
583 0.184 0.058 0
584 0.216 0.075 0
585 0.208 0.055 0
586 0.216 0.080 0
587 0.218 0.078 0
588 0.214 0.076 0
589 0.221 0.085 0
590 0.225 0.075 0
591 0.240 0.057 0
592 0.241 0.075 0
593 0.263 0.102 0
594 0.247 0.078 0
595 0.242 0.050 0
596 0.251 0.092 0
597 0.218 0.086 0
598 0.237 0.087 0
599 0.234 0.118 0
600 0.237 0.100 0
601 0.234 0.176 0
602 0.227 0.247 0
603 0.233 0.408 0
604 0.260 0.458 0
605 0.234 0.526 0
606 0.230 0.593 0
607 0.240 0.746 0
608 0.233 0.786 0
609 0.204 0.840 0
610 0.220 0.920 0
611 0.217 0.991 0
612 0.205 1.009 0
613 0.212 0.925 0
614 0.204 0.880 0
615 0.203 0.925 0
616 0.208 0.972 0
617 0.195 1.018 0
618 0.169 1.009 0
619 0.207 1.018 0
620 0.190 0.935 1
621 0.223 0.933 1
622 0.216 1.030 1
623 0.202 1.000 1
624 0.196 0.982 1
625 0.186 1.103 1
626 0.210 1.019 1
627 0.183 1.017 1
628 0.206 1.121 1
629 0.197 1.053 1
630 0.191 1.062 1
631 0.213 1.143 1
632 0.195 1.114 1
633 0.182 1.059 1
634 0.186 1.008 1
635 0.167 0.981 1
636 0.184 0.967 0
637 0.187 1.008 0
638 0.196 0.926 0
639 0.210 0.849 0
640 0.184 0.841 0
641 0.194 0.806 0
642 0.207 0.627 0
643 0.209 0.548 0
644 0.185 0.409 0
645 0.174 0.344 0
646 0.192 0.276 0
647 0.182 0.247 0
648 0.205 0.202 0
649 0.187 0.283 0
650 0.194 0.314 0
651 0.199 0.301 0
652 0.200 0.257 0
653 0.219 0.135 0
654 0.212 0.235 0
655 0.206 0.130 0
656 0.224 0.182 0
657 0.223 0.102 0
658 0.226 0.092 0
659 0.200 0.072 0
660 0.191 0.065 0
661 0.211 0.072 0
662 0.213 0.072 0
663 0.198 0.070 0
664 0.225 0.075 0
665 0.235 0.103 0
666 0.241 0.095 0
667 0.225 0.090 0
668 0.235 0.074 0
669 0.257 0.082 0
670 0.234 0.093 0
671 0.264 0.109 0
672 0.257 0.090 0
673 0.241 0.103 0
674 0.260 0.100 0
675 0.247 0.162 0
676 0.257 0.238 0
677 0.267 0.303 0
678 0.254 0.457 0
679 0.281 0.442 0
680 0.283 0.492 0
681 0.287 0.533 0
682 0.251 0.582 0
683 0.238 0.619 0
684 0.241 0.734 0
685 0.250 0.742 0
686 0.230 0.839 0
687 0.224 0.888 0
688 0.222 0.895 0
689 0.202 1.026 0
690 0.185 0.959 0
691 0.187 0.929 0
692 0.150 0.885 0
693 0.155 0.808 0
694 0.148 0.838 0
695 0.141 0.819 0
696 0.132 0.790 1
697 0.130 0.800 1
698 0.137 0.829 1
699 0.138 0.821 1
700 0.147 0.821 1
701 0.138 0.894 1
702 0.141 0.925 1
703 0.177 0.940 1
704 0.192 0.978 1
705 0.133 1.023 1
706 0.137 0.993 1
707 0.128 1.023 1
708 0.254 1.069 1
709 0.185 1.016 1
710 0.204 1.177 1
711 0.150 1.108 1
712 0.167 1.091 0
713 0.175 1.083 0
714 0.218 1.055 0
715 0.213 1.069 0
716 0.197 1.008 0
717 0.191 1.031 0
718 0.189 0.920 0
719 0.173 1.000 0
720 0.181 1.063 0
721 0.191 1.031 0
722 0.194 1.084 0
723 0.158 1.000 0
724 0.172 0.877 0
725 0.179 0.618 0
726 0.161 0.521 0
727 0.129 0.439 0
728 0.150 0.372 0
729 0.190 0.303 0
730 0.179 0.169 0
731 0.181 0.193 0
732 0.205 0.142 0
733 0.187 0.181 0
734 0.193 0.165 0
735 0.202 0.221 0
736 0.174 0.207 0
737 0.177 0.185 0
738 0.193 0.247 0
739 0.193 0.170 0
740 0.169 0.146 0
741 0.189 0.250 0
742 0.187 0.221 0
743 0.221 0.083 0
744 0.159 0.180 0
745 0.165 0.110 0
746 0.191 0.106 0
747 0.175 0.084 0
748 0.214 0.079 0
749 0.214 0.085 0
750 0.200 0.087 0
751 0.226 0.081 0
752 0.253 0.083 0
753 0.257 0.050 0
754 0.272 0.066 0
755 0.282 0.057 0
756 0.269 0.067 0
757 0.272 0.085 0
758 0.276 0.081 0
759 0.269 0.076 0
760 0.270 0.061 0
761 0.244 0.085 0
762 0.250 0.067 0
763 0.244 0.049 0
764 0.228 0.073 0
765 0.224 0.075 0
766 0.195 0.040 0
767 0.202 0.066 0
768 0.193 0.051 0
769 0.203 0.064 0
770 0.199 0.070 0
771 0.184 0.074 0
772 0.183 0.081 0
773 0.186 0.079 0
774 0.200 0.033 0
775 0.186 0.095 0
776 0.165 0.049 0
777 0.179 0.057 0
778 0.184 0.048 0
779 0.161 0.082 0
780 0.172 0.075 0
781 0.187 0.079 0
782 0.187 0.071 0
783 0.207 0.063 0
784 0.167 0.086 0
785 0.167 0.072 0
786 0.170 0.064 0
787 0.169 0.078 0
788 0.184 0.071 0
789 0.169 0.066 0
790 0.170 0.048 0
791 0.191 0.074 0
792 0.195 0.087 0
793 0.197 0.041 0
794 0.165 0.061 0
795 0.168 0.037 0
796 0.180 0.067 0
797 0.166 0.064 0
798 0.176 0.066 0
799 0.186 0.073 0
800 0.198 0.074 0
801 0.181 0.062 0
802 0.177 0.047 0
803 0.181 0.088 0
804 0.190 0.073 0
805 0.198 0.073 0
806 0.163 0.081 0
807 0.211 0.065 0
808 0.183 0.087 0
809 0.187 0.073 0
810 0.204 0.056 0
811 0.208 0.082 0
812 0.193 0.076 0
813 0.208 0.073 0
814 0.205 0.073 0
815 0.204 0.049 0
816 0.187 0.087 0
817 0.186 0.073 0
818 0.210 0.098 0
819 0.208 0.081 0
820 0.191 0.075 0
821 0.203 0.081 0
822 0.209 0.066 0
823 0.228 0.066 0
824 0.205 0.081 0
825 0.232 0.074 0
826 0.203 0.082 0
827 0.187 0.092 0
828 0.188 0.090 0
829 0.220 0.076 0
830 0.209 0.066 0
831 0.191 0.082 0
832 0.211 0.091 0
833 0.194 0.056 0
834 0.214 0.074 0
835 0.203 0.074 0
836 0.192 0.042 0
837 0.206 0.090 0
838 0.197 0.049 0
839 0.211 0.071 0
840 0.189 0.070 0
841 0.211 0.071 0
842 0.209 0.063 0
843 0.197 0.073 0
844 0.185 0.058 0
845 0.209 0.049 0
846 0.208 0.081 0
847 0.207 0.076 0
848 0.190 0.081 0
849 0.212 0.056 0
850 0.215 0.114 0
851 0.194 0.097 0
852 0.201 0.112 0
853 0.193 0.143 0
854 0.199 0.111 0
855 0.200 0.129 0
856 0.205 0.121 0
857 0.224 0.098 0
858 0.233 0.131 0
859 0.215 0.121 0
860 0.221 0.137 0
861 0.198 0.127 0
862 0.197 0.105 0
863 0.200 0.115 0
864 0.206 0.142 0
865 0.220 0.130 0
866 0.227 0.138 0
867 0.223 0.115 0
868 0.220 0.115 0
869 0.208 0.125 0
870 0.202 0.164 0
871 0.220 0.119 0
872 0.205 0.111 0
873 0.215 0.129 0
874 0.201 0.133 0
875 0.207 0.090 0
876 0.197 0.125 0
877 0.212 0.123 0
878 0.198 0.132 0
879 0.204 0.137 0
880 0.212 0.100 0
881 0.184 0.125 0
882 0.188 0.103 0
883 0.186 0.094 0
884 0.182 0.138 0
885 0.184 0.092 0
886 0.178 0.161 0
887 0.172 0.136 0
888 0.180 0.092 0
889 0.180 0.124 0
890 0.176 0.086 0
891 0.169 0.098 0
892 0.171 0.123 0
893 0.158 0.127 0
894 0.158 0.117 0
895 0.175 0.112 0
896 0.144 0.130 0
897 0.145 0.112 0
898 0.143 0.120 0
899 0.160 0.134 0
900 0.152 0.144 0
901 0.164 0.086 0
902 0.150 0.115 0
903 0.173 0.091 0
904 0.167 0.085 0
905 0.156 0.084 0
906 0.157 0.110 0
907 0.166 0.097 0
908 0.187 0.086 0
909 0.202 0.041 0
910 0.161 0.159 0
911 0.174 0.103 0
912 0.204 0.126 0
913 0.186 0.100 0
914 0.187 0.106 0
915 0.209 0.110 0
916 0.206 0.108 0
917 0.199 0.132 0
918 0.194 0.127 0
919 0.195 0.143 0
920 0.197 0.143 0
921 0.195 0.124 0
922 0.189 0.140 0
923 0.180 0.126 0
924 0.168 0.134 0
925 0.169 0.134 0
926 0.178 0.128 0
927 0.182 0.147 0
928 0.154 0.108 0
929 0.174 0.076 0
930 0.169 0.128 0
931 0.174 0.158 0
932 0.182 0.162 0
933 0.165 0.129 0
934 0.176 0.134 0
935 0.176 0.140 0
936 0.178 0.141 0
937 0.170 0.132 0
938 0.175 0.130 0
939 0.163 0.134 0
940 0.175 0.130 0
941 0.159 0.155 0
942 0.164 0.149 0
943 0.176 0.131 0
944 0.158 0.147 0
945 0.162 0.124 0
946 0.170 0.139 0
947 0.185 0.136 0
948 0.178 0.164 0
949 0.181 0.150 0
950 0.163 0.132 0
951 0.180 0.158 0
952 0.156 0.164 0
953 0.180 0.141 0
954 0.179 0.131 0
955 0.187 0.143 0
956 0.169 0.149 0
957 0.168 0.139 0
958 0.178 0.129 0
959 0.138 0.127 0
960 0.182 0.152 0
961 0.189 0.124 0
962 0.231 0.132 0
963 0.250 0.140 0
964 0.291 0.093 0
965 0.304 0.141 0
966 0.342 0.086 0
967 0.338 0.051 0
968 0.318 0.128 0
969 0.331 0.108 0
970 0.313 0.094 0
971 0.204 0.101 0
972 0.172 0.131 0
973 0.231 0.129 0
974 0.231 0.071 0
975 0.247 0.085 0
976 0.257 0.078 0
977 0.285 0.080 0
978 0.299 0.071 0
979 0.289 0.062 0
980 0.286 0.063 0
981 0.305 0.069 0
982 0.304 0.060 0
983 0.300 0.079 0
984 0.302 0.078 0
985 0.307 0.043 0
986 0.298 0.051 0
987 0.241 0.085 0
988 0.149 0.071 0
989 0.184 0.070 0
990 0.228 0.089 0
991 0.257 0.061 0
992 0.267 0.075 0
993 0.277 0.060 0
994 0.257 0.068 0
995 0.283 0.065 0
996 0.302 0.075 0
997 0.338 0.067 0
998 0.337 0.060 0
999 0.334 0.060 0
1000 0.329 0.059 0
1001 0.338 0.073 0
1002 0.344 0.061 0
1003 0.317 0.077 0
1004 0.308 0.088 0
1005 0.301 0.067 0
1006 0.285 0.085 0
1007 0.310 0.079 0
1008 0.311 0.088 0
1009 0.302 0.102 0
1010 0.312 0.085 0
1011 0.286 0.102 0
1012 0.152 0.138 0
1013 0.155 0.104 0
1014 0.149 0.097 0
1015 0.189 0.085 0
1016 0.209 0.068 0
1017 0.213 0.065 0
1018 0.194 0.064 0
1019 0.210 0.073 0
1020 0.202 0.058 0
1021 0.189 0.052 0
1022 0.200 0.061 0
1023 0.192 0.070 0
1024 0.196 0.046 0
1025 0.192 0.092 0
1026 0.183 0.061 0
1027 0.197 0.058 0
1028 0.183 0.093 0
1029 0.190 0.049 0
1030 0.183 0.083 0
1031 0.189 0.049 0
1032 0.190 0.069 0
1033 0.206 0.058 0
1034 0.182 0.070 0
1035 0.170 0.068 0
1036 0.186 0.066 0
1037 0.187 0.082 0
1038 0.182 0.082 0
1039 0.183 0.091 0
1040 0.183 0.060 0
1041 0.181 0.067 0
1042 0.185 0.092 0
1043 0.180 0.074 0
1044 0.170 0.059 0
1045 0.194 0.069 0
1046 0.189 0.069 0
1047 0.185 0.075 0
1048 0.207 0.068 0
1049 0.182 0.072 0
1050 0.222 0.078 0
1051 0.217 0.083 0
1052 0.241 0.100 0
1053 0.234 0.074 0
1054 0.251 0.091 0
1055 0.273 0.076 0
1056 0.317 0.075 0
1057 0.307 0.082 0
1058 0.304 0.058 0
1059 0.319 0.065 0
1060 0.355 0.057 0
1061 0.346 0.058 0
1062 0.355 0.054 0
1063 0.344 0.061 0
1064 0.330 0.082 0
1065 0.344 0.058 0
1066 0.362 0.072 0
1067 0.341 0.052 0
1068 0.346 0.058 0
1069 0.350 0.069 0
1070 0.204 0.076 0
1071 0.138 0.082 0
1072 0.157 0.072 0
1073 0.164 0.080 0
1074 0.191 0.060 0
1075 0.241 0.109 0
1076 0.244 0.096 0
1077 0.234 0.128 0
1078 0.241 0.096 0
1079 0.215 0.108 0
1080 0.212 0.088 0
1081 0.235 0.068 0
1082 0.247 0.060 0
1083 0.247 0.089 0
1084 0.267 0.069 0
1085 0.267 0.061 0
1086 0.279 0.096 0
1087 0.289 0.076 0
1088 0.299 0.076 0
1089 0.312 0.057 0
1090 0.276 0.076 0
1091 0.282 0.050 0
1092 0.282 0.058 0
1093 0.285 0.076 0
1094 0.285 0.060 0
1095 0.255 0.053 0
1096 0.148 0.079 0
1097 0.199 0.095 0
1098 0.229 0.125 0
1099 0.253 0.167 0
1100 0.270 0.111 0
1101 0.260 0.128 0
1102 0.247 0.100 0
1103 0.290 0.291 0
1104 0.304 0.331 0
1105 0.334 0.304 0
1106 0.371 0.288 0
1107 0.354 0.267 0
1108 0.352 0.197 0
1109 0.333 0.180 0
1110 0.344 0.191 0
1111 0.322 0.140 0
1112 0.336 0.062 0
1113 0.354 0.094 0
1114 0.335 0.033 0
1115 0.315 0.050 0
1116 0.315 0.034 0
1117 0.314 0.062 0
1118 0.300 0.060 0
1119 0.295 0.075 0
1120 0.291 0.058 0
1121 0.286 0.060 0
1122 0.304 0.059 0
1123 0.298 0.046 0
1124 0.294 0.080 0
1125 0.292 0.068 0
1126 0.279 0.075 0
1127 0.299 0.065 0
1128 0.200 0.062 0
1129 0.179 0.086 0
1130 0.211 0.092 0
1131 0.219 0.071 0
1132 0.215 0.078 0
1133 0.254 0.079 0
1134 0.247 0.096 0
1135 0.258 0.071 0
1136 0.264 0.044 0
1137 0.254 0.061 0
1138 0.273 0.071 0
1139 0.256 0.053 0
1140 0.257 0.060 0
1141 0.244 0.059 0
1142 0.260 0.067 0
1143 0.257 0.042 0
1144 0.264 0.044 0
1145 0.254 0.017 0
1146 0.251 0.050 0
1147 0.273 0.042 0
1148 0.270 0.069 0
1149 0.267 0.074 0
1150 0.267 0.075 0
1151 0.260 0.057 0
1152 0.267 0.053 0
1153 0.241 0.054 0
1154 0.254 0.070 0
1155 0.254 0.075 0
1156 0.248 0.061 0
1157 0.253 0.089 0
1158 0.275 0.057 0
1159 0.247 0.060 0
1160 0.259 0.057 0
1161 0.273 0.031 0
1162 0.260 0.027 0
1163 0.263 0.028 0
1164 0.260 0.025 0
1165 0.257 0.034 0
1166 0.269 0.043 0
1167 0.257 0.052 0
1168 0.253 0.051 0
1169 0.244 0.058 0
1170 0.247 0.063 0
1171 0.260 0.100 0
1172 0.218 0.078 0
1173 0.244 0.095 0
1174 0.249 0.076 0
1175 0.207 0.089 0
1176 0.202 0.079 0
1177 0.225 0.061 0
1178 0.209 0.075 0
1179 0.234 0.075 0
1180 0.260 0.071 0
1181 0.237 0.064 0
1182 0.254 0.052 0
1183 0.257 0.062 0
1184 0.254 0.082 0
1185 0.277 0.099 0
1186 0.212 0.044 0
1187 0.203 0.104 0
1188 0.177 0.099 0
1189 0.187 0.097 0
1190 0.167 0.076 0
1191 0.167 0.087 0
1192 0.166 0.072 0
1193 0.178 0.077 0
1194 0.212 0.047 0
1195 0.212 0.077 0
1196 0.208 0.058 0
1197 0.225 0.100 0
